  0.00000000  1.00000000  1.00000000  0.00000000
  0.01000000  0.97045000  0.97044553  0.00046025
  0.02000000  0.94177320  0.94176453  0.00092050
  0.03000000  0.91394380  0.91393119  0.00138075
  0.04000000  0.88693263  0.88692044  0.00137468
  0.05000000  0.86071992  0.86070798  0.00138744
  0.06000000  0.83528175  0.83527021  0.00138176
  0.07000000  0.81059546  0.81058425  0.00138345
  0.08000000  0.78663875  0.78662786  0.00138390
  0.09000000  0.76339007  0.76337949  0.00138492
  0.10000000  0.74082849  0.74081822  0.00138578
  0.11000000  0.71893370  0.71892373  0.00138668
  0.12000000  0.69768601  0.69767633  0.00138756
  0.13000000  0.67706628  0.67705687  0.00138845
  0.14000000  0.65705595  0.65704682  0.00138934
  0.15000000  0.63763702  0.63762815  0.00139022
  0.16000000  0.61879200  0.61878339  0.00139111
  0.17000000  0.60050394  0.60049558  0.00139200
  0.18000000  0.58275637  0.58274825  0.00139289
  0.19000000  0.56553332  0.56552544  0.00139377
  0.20000000  0.54881929  0.54881164  0.00139466
  0.21000000  0.53259923  0.53259180  0.00139555
  0.22000000  0.51685855  0.51685133  0.00139644
  0.23000000  0.50158308  0.50157607  0.00139733
  0.24000000  0.48675906  0.48675226  0.00139821
  0.25000000  0.47237316  0.47236655  0.00139910
  0.26000000  0.45841243  0.45840601  0.00139999
  0.27000000  0.44486430  0.44485807  0.00140088
  0.28000000  0.43171657  0.43171052  0.00140176
  0.29000000  0.41895743  0.41895155  0.00140265
  0.30000000  0.40657537  0.40656966  0.00140354
  0.31000000  0.39455925  0.39455371  0.00140443
  0.32000000  0.38289827  0.38289289  0.00140531
  0.33000000  0.37158192  0.37157669  0.00140620
  0.34000000  0.36060001  0.36059494  0.00140709
  0.35000000  0.34994268  0.34993775  0.00140798
  0.36000000  0.33960031  0.33959553  0.00140886
  0.37000000  0.32956361  0.32955896  0.00140975
  0.38000000  0.31982353  0.31981902  0.00141064
  0.39000000  0.31037132  0.31036694  0.00141153
  0.40000000  0.30119847  0.30119421  0.00141242
  0.41000000  0.29229671  0.29229258  0.00141330
  0.42000000  0.28365804  0.28365403  0.00141419
  0.43000000  0.27527468  0.27527078  0.00141508
  0.44000000  0.26713908  0.26713530  0.00141597
  0.45000000  0.25924393  0.25924026  0.00141685
  0.46000000  0.25158212  0.25157855  0.00141774
  0.47000000  0.24414675  0.24414328  0.00141863
  0.48000000  0.23693112  0.23692776  0.00141952
  0.49000000  0.22992875  0.22992549  0.00142040
  0.50000000  0.22313333  0.22313016  0.00142129
  0.51000000  0.21653875  0.21653567  0.00142218
  0.52000000  0.21013906  0.21013607  0.00142307
  0.53000000  0.20392852  0.20392561  0.00142395
  0.54000000  0.19790152  0.19789870  0.00142484
  0.55000000  0.19205265  0.19204991  0.00142573
  0.56000000  0.18637663  0.18637398  0.00142662
  0.57000000  0.18086837  0.18086579  0.00142751
  0.58000000  0.17552291  0.17552040  0.00142839
  0.59000000  0.17033542  0.17033299  0.00142928
  0.60000000  0.16530125  0.16529889  0.00143017
  0.61000000  0.16041586  0.16041357  0.00143106
  0.62000000  0.15567486  0.15567263  0.00143194
  0.63000000  0.15107397  0.15107181  0.00143283
  0.64000000  0.14660906  0.14660696  0.00143372
  0.65000000  0.14227611  0.14227407  0.00143461
  0.66000000  0.13807122  0.13806924  0.00143549
  0.67000000  0.13399060  0.13398867  0.00143638
  0.68000000  0.13003058  0.13002871  0.00143727
  0.69000000  0.12618760  0.12618578  0.00143816
  0.70000000  0.12245819  0.12245643  0.00143904
  0.71000000  0.11883901  0.11883729  0.00143993
  0.72000000  0.11532678  0.11532512  0.00144082
  0.73000000  0.11191836  0.11191675  0.00144171
  0.74000000  0.10861068  0.10860911  0.00144260
  0.75000000  0.10540075  0.10539922  0.00144348
  0.76000000  0.10228568  0.10228421  0.00144437
  0.77000000  0.09926269  0.09926125  0.00144526
  0.78000000  0.09632903  0.09632764  0.00144615
  0.79000000  0.09348208  0.09348073  0.00144703
  0.80000000  0.09071927  0.09071795  0.00144792
  0.81000000  0.08803811  0.08803683  0.00144881
  0.82000000  0.08543619  0.08543495  0.00144970
  0.83000000  0.08291117  0.08290997  0.00145058
  0.84000000  0.08046077  0.08045961  0.00145147
  0.85000000  0.07808280  0.07808167  0.00145236
  0.86000000  0.07577511  0.07577400  0.00145325
  0.87000000  0.07353561  0.07353454  0.00145413
  0.88000000  0.07136231  0.07136127  0.00145502
  0.89000000  0.06925323  0.06925223  0.00145591
  0.90000000  0.06720649  0.06720551  0.00145680
  0.91000000  0.06522024  0.06521929  0.00145769
  0.92000000  0.06329269  0.06329177  0.00145857
  0.93000000  0.06142211  0.06142121  0.00145946
  0.94000000  0.05960681  0.05960594  0.00146035
  0.95000000  0.05784517  0.05784432  0.00146124
  0.96000000  0.05613558  0.05613476  0.00146212
  0.97000000  0.05447653  0.05447573  0.00146301
  0.98000000  0.05286650  0.05286573  0.00146390
  0.99000000  0.05130406  0.05130331  0.00146479
  1.00000000  0.04978780  0.04978707  0.00146567
  1.01000000  0.04831635  0.04831564  0.00146656
  1.02000000  0.04688838  0.04688770  0.00146745
  1.03000000  0.04550262  0.04550195  0.00146834
  1.04000000  0.04415782  0.04415717  0.00146922
  1.05000000  0.04285276  0.04285213  0.00147011
  1.06000000  0.04158627  0.04158566  0.00147100
  1.07000000  0.04035721  0.04035661  0.00147189
  1.08000000  0.03916447  0.03916390  0.00147278
  1.09000000  0.03800699  0.03800643  0.00147366
  1.10000000  0.03688371  0.03688317  0.00147455
  1.11000000  0.03579363  0.03579311  0.00147544
  1.12000000  0.03473577  0.03473526  0.00147633
  1.13000000  0.03370917  0.03370868  0.00147721
  1.14000000  0.03271292  0.03271243  0.00147810
  1.15000000  0.03174611  0.03174564  0.00147899
  1.16000000  0.03080787  0.03080741  0.00147988
  1.17000000  0.02989736  0.02989691  0.00148076
  1.18000000  0.02901376  0.02901333  0.00148165
  1.19000000  0.02815627  0.02815585  0.00148254
  1.20000000  0.02732413  0.02732372  0.00148343
  1.21000000  0.02651658  0.02651618  0.00148431
  1.22000000  0.02573289  0.02573251  0.00148520
  1.23000000  0.02497237  0.02497200  0.00148609
  1.24000000  0.02423433  0.02423397  0.00148698
  1.25000000  0.02351810  0.02351775  0.00148787
  1.26000000  0.02282303  0.02282269  0.00148875
  1.27000000  0.02214851  0.02214818  0.00148964
  1.28000000  0.02149392  0.02149360  0.00149053
  1.29000000  0.02085868  0.02085837  0.00149142
  1.30000000  0.02024221  0.02024191  0.00149230
  1.31000000  0.01964397  0.01964367  0.00149319
  1.32000000  0.01906340  0.01906311  0.00149408
  1.33000000  0.01849999  0.01849971  0.00149497
  1.34000000  0.01795323  0.01795296  0.00149585
  1.35000000  0.01742264  0.01742237  0.00149674
  1.36000000  0.01690772  0.01690747  0.00149763
  1.37000000  0.01640802  0.01640777  0.00149852
  1.38000000  0.01592309  0.01592285  0.00149940
  1.39000000  0.01545249  0.01545226  0.00150029
  1.40000000  0.01499580  0.01499558  0.00150118
  1.41000000  0.01455261  0.01455239  0.00150207
  1.42000000  0.01412251  0.01412230  0.00150296
  1.43000000  0.01370513  0.01370493  0.00150384
  1.44000000  0.01330008  0.01329988  0.00150473
  1.45000000  0.01290701  0.01290681  0.00150562
  1.46000000  0.01252555  0.01252536  0.00150651
  1.47000000  0.01215536  0.01215518  0.00150739
  1.48000000  0.01179612  0.01179594  0.00150828
  1.49000000  0.01144749  0.01144732  0.00150917
  1.50000000  0.01110916  0.01110900  0.00151006
  1.51000000  0.01078084  0.01078068  0.00151094
  1.52000000  0.01046222  0.01046206  0.00151183
  1.53000000  0.01015301  0.01015286  0.00151272
  1.54000000  0.00985295  0.00985280  0.00151361
  1.55000000  0.00956175  0.00956160  0.00151449
  1.56000000  0.00927915  0.00927901  0.00151538
  1.57000000  0.00900491  0.00900478  0.00151627
  1.58000000  0.00873878  0.00873865  0.00151716
  1.59000000  0.00848051  0.00848038  0.00151805
  1.60000000  0.00822987  0.00822975  0.00151893
  1.61000000  0.00798664  0.00798652  0.00151982
  1.62000000  0.00775060  0.00775048  0.00152071
  1.63000000  0.00752154  0.00752142  0.00152160
  1.64000000  0.00729924  0.00729913  0.00152248
  1.65000000  0.00708352  0.00708341  0.00152337
  1.66000000  0.00687417  0.00687406  0.00152426
  1.67000000  0.00667101  0.00667090  0.00152515
  1.68000000  0.00647385  0.00647375  0.00152603
  1.69000000  0.00628252  0.00628242  0.00152692
  1.70000000  0.00609684  0.00609675  0.00152781
  1.71000000  0.00591665  0.00591656  0.00152870
  1.72000000  0.00574179  0.00574170  0.00152958
  1.73000000  0.00557209  0.00557201  0.00153047
  1.74000000  0.00540741  0.00540733  0.00153136
  1.75000000  0.00524760  0.00524752  0.00153225
  1.76000000  0.00509251  0.00509243  0.00153314
  1.77000000  0.00494200  0.00494193  0.00153402
  1.78000000  0.00479594  0.00479587  0.00153491
  1.79000000  0.00465420  0.00465413  0.00153580
  1.80000000  0.00451665  0.00451658  0.00153669
  1.81000000  0.00438316  0.00438310  0.00153757
  1.82000000  0.00425362  0.00425356  0.00153846
  1.83000000  0.00412791  0.00412784  0.00153935
  1.84000000  0.00400591  0.00400585  0.00154024
  1.85000000  0.00388752  0.00388746  0.00154112
  1.86000000  0.00377262  0.00377257  0.00154201
  1.87000000  0.00366113  0.00366107  0.00154290
  1.88000000  0.00355292  0.00355287  0.00154379
  1.89000000  0.00344792  0.00344787  0.00154467
  1.90000000  0.00334602  0.00334597  0.00154556
  1.91000000  0.00324713  0.00324708  0.00154645
  1.92000000  0.00315116  0.00315111  0.00154734
  1.93000000  0.00305803  0.00305798  0.00154823
  1.94000000  0.00296765  0.00296761  0.00154911
  1.95000000  0.00287994  0.00287990  0.00155000
  1.96000000  0.00279483  0.00279479  0.00155089
  1.97000000  0.00271223  0.00271219  0.00155178
  1.98000000  0.00263207  0.00263203  0.00155266
  1.99000000  0.00255428  0.00255424  0.00155355
  2.00000000  0.00247879  0.00247875  0.00155444
